Epoch	Time(sec)	Loss_train	MAE_train	MAE_dev	MAE_test
6	1275.9131893930025	10716.615512831264	527.1288346210929	521.2562675216963	531.8013144916391
1	306.01973025396	24294.05984778598	772.6437305378778	770.567320435722	780.9382033730573
7	1500.6304663800402	8313.533296817342	416.42285778745634	410.01541643826465	421.5669378188842
8	1718.9891239419812	6238.296970657917	354.7742661927539	351.67820220371465	359.8981540700331
2	605.252118641045	21890.20579818014	744.8208839943728	744.2850027868883	752.1797811742772
9	1939.75180594204	4426.28810231728	324.39436584045245	318.59212946477925	321.6423146048969
3	901.5165126170032	19158.19465206726	689.0291490596398	688.3038287123194	695.789143485819
10	2160.3036471660016	3154.8470970443013	263.1571839821095	256.32513235991854	267.77773921374967
11	2374.770682442002	2327.3608588442953	141.24593039240384	138.7661363594487	144.03013357886655
4	1201.9600656649563	15888.344035663367	614.2116585916739	610.9403844984522	618.4640355645654
12	2588.765891617979	1812.7535238640294	140.4703247220034	138.6210998477576	143.73099587180397
5	1496.744085895014	12621.900194722828	627.0893791804015	622.1314843001455	632.5877445241347
13	2809.9608424860053	1498.622993804512	136.74314790858153	132.64587901565264	143.5237309664966
6	1790.8000829040539	10027.751867294952	473.2694700049778	468.6579174574366	480.9947649705856
14	3028.968869081	1350.9843540338813	115.27517908973527	111.04636767693286	121.16772048868597
15	3243.882798591978	1205.3155919292237	112.83164536253153	108.54305131732293	118.96225922120446
7	2088.584888065001	8381.77080756248	545.6932572528285	541.3350770424897	552.8479328665504
16	3457.8969662169693	927.2097746993983	80.60920297007799	78.68408246886055	86.92449583981764
8	2383.5541002079844	6795.6112685026	361.29166186235767	356.83156468805277	357.6676523545209
17	3676.6421207140666	763.9676632015787	75.2667862918704	73.9658225235849	80.61619172121752
9	2681.761261612992	4879.696606502642	356.9483610170474	353.0939295412459	357.16811925714666
18	3897.360890495009	663.5745112109768	68.43360252086048	70.98876784990419	76.69847066134693
19	4110.373682769015	601.362611972178	69.68158652693663	69.80191256541126	83.84485112154547
10	2980.6423876109766	3424.5279982860197	244.85553272135982	240.9375103817346	245.64740622617344
20	4329.177115543978	595.820333445644	74.8064976167215	74.83067409299454	83.55666302359678
11	3276.8100037790136	2430.6241110693245	210.44618212748838	206.03300900441295	208.40955471100017
21	4546.262813835987	576.5227334970438	84.91909198575433	83.31949555019163	93.5203593044995
22	4765.541253632982	548.4028190093247	79.13866543313954	76.91576489718456	91.56473651416799
12	3579.0813911940204	1826.841112691578	128.12253681376092	125.80538620283019	133.44456881762827
23	4980.842836693046	517.016655083432	63.702193795414985	67.79975383254717	78.25165508902647
13	3877.595301604015	1452.2541109972535	136.4133229170898	131.55988455142614	140.12019131910355
24	5198.732393181068	507.3821601138264	74.09243164779116	76.37041976065007	89.43275153828178
14	4173.676916743047	1371.0113370192207	154.5241959906792	148.73584165753059	155.1196391059753
25	5412.761768094031	482.18078957256637	61.71217549275088	62.83629544240124	74.96811574028138
26	5626.816642849008	481.0775162454661	61.41420268532575	62.76066809312353	76.16865653787704
15	4473.02159181796	1244.2171277465616	106.47412781009974	102.47687613433263	115.90920889951329
27	5841.916775988066	433.6527260540716	60.969110822245725	66.93290880887014	78.67713964941667
16	4768.669772568042	940.3987668154824	87.22140701790457	83.9670597062021	93.8965765397179
28	6058.4053563480265	422.18379416684905	56.25993667853354	59.38437561035156	73.36006951969576
17	5072.918442534981	779.0678726088797	81.4277720331386	80.08940252340065	90.2312374012993
29	6272.786153680994	431.08887726106485	67.17908053188586	67.62077033276827	80.26046018549465
30	6483.204709706013	381.0297636577884	62.30529937309053	67.26785817272258	79.29487128436247
18	5366.446748588001	677.930166240028	72.53661392503679	72.08455280807783	79.63128658029486
31	6700.218606704962	359.7195832394226	69.55570844786554	70.05856201171875	82.29392397467466
19	5662.775939536048	630.7901842692521	71.43471688721972	71.45932603368219	81.52465787673378
32	6926.322032351978	368.80418971847746	52.18535505497628	57.298709831957545	69.79113549217183
33	7151.545322141028	347.49271042448527	65.51173976858523	65.68889693350162	80.62445623224431
20	5966.841735310038	633.7100417307662	73.40811017614529	73.14138849222435	82.80319495379607
34	7370.58227601205	337.0202766426135	58.50024166318323	61.4716280494546	72.1682523431625
21	6268.7454388770275	612.0492749654059	75.40432849181494	74.94562101544074	80.69932784626191
35	7602.906117017963	321.0679631890646	55.21944611890729	57.91220547658092	74.74877680814203
22	6571.088675301988	589.943384272266	84.90539157026689	83.60438007858565	94.46068862670246
36	7824.318894717027	329.0462064387933	57.55028703235932	60.97716065604732	76.1897795162099
37	8037.343836538028	327.2163996243789	49.38459858323295	52.89533762805867	69.92664781866226
23	6872.582200831035	572.7786060987163	62.997512553770726	65.23241818985849	74.82579481155477
38	8255.211689890013	297.3639255896066	49.805711136452906	51.40445786961969	70.14207209622796
24	7176.446419671061	548.3844961571398	73.69111776239957	74.7146126455631	85.05608918705089
39	8480.865191070014	276.80989561493624	52.67696344400564	54.422279686118074	69.83849881422073
25	7472.702066772967	513.3743775274	65.91216228680896	67.44903535662957	78.07092856340867
40	8702.947418180062	279.4551742231234	48.20027928318765	51.657426907521376	67.91857212495039
41	8917.940278655966	251.02632277782072	60.74187140607146	64.50551152067365	80.22469570547501
26	7775.912035399	512.4512309855321	63.301017584635964	63.33856073343529	75.12323230600612
42	9133.24988657597	266.58224721740294	51.7599276824511	54.44088993864239	73.22446613005776
27	8076.711951844045	473.50861023624884	62.29555188229883	63.25074704728036	75.85511049484825
43	9354.170037164004	243.377360561797	47.76686678569375	50.54324301665684	67.63800921924611
28	8380.965638802038	458.7308182126122	58.73000613381822	61.85324731214991	73.52885877639852
44	9576.497307154	234.21872050615815	46.649581675000015	49.54728397009508	67.36523743491759
45	9789.908415840007	229.4209066376275	41.14559462405579	44.843268190779774	62.9537517527208
29	8676.308126069023	462.74130653399266	60.92699177462716	61.73410755085495	75.71956540684012
46	10008.826540066046	235.6960193079936	41.90008127749346	45.196862539615275	64.17872223879564
30	8969.427105108043	419.58349451719613	56.851196589785026	58.611543106942804	73.07398823620801
47	10229.188258897979	225.57146808326104	41.84467333845147	44.866346838609225	65.565116147944
48	10443.00466505601	219.30678620029718	42.65208926324035	45.682121996609666	65.79325634145482
31	9268.701792391017	400.5643689943536	61.4565213103296	61.81957125681751	77.52122171167383
49	10660.780769112054	206.01377405411682	40.334282832511995	43.74694422308004	65.44583839783694
32	9563.890713294968	431.58312384276854	55.414537136125226	57.90986955750663	72.62759395334173
50	10882.681774078985	211.95776994737832	44.06240098038923	47.0546567636166	68.88318499396829
33	9862.070479069022	395.13851813028737	65.28769182718987	63.71864520378833	80.18858582195752
51	11112.281501027988	220.2891783971828	40.328494977007296	44.19802014620799	66.40361838927244
52	11324.879269101075	215.58347987776753	40.51313966906579	43.72497619628906	65.93729049764215
34	10161.788314837962	368.487661541488	75.62268201539437	74.99066933685879	86.33076289375836
53	11542.189346847008	210.35676412444832	37.50553180626758	40.70360450600678	64.8066634723847
35	10457.352432808024	367.725169891081	49.59024167116838	54.464639524063976	66.46217407389759
54	11761.94463954703	203.66805655585964	54.19343848038103	56.36645555028375	75.57235391382227
36	10761.647793315002	353.06839424345725	56.89728477552248	59.866166439416276	73.28966697652072
55	11977.839963441016	208.3428245321771	47.672902028858964	50.03790147313532	68.65092431542708
56	12188.026060000993	200.1146871879652	47.238619590997295	48.531998083726414	71.05108556900433
37	11062.354551595054	384.5110935952111	54.137364554829105	58.348044686947226	73.21576368362508
57	12406.863543580985	205.63937551964852	40.31574042216918	42.74407135585569	65.19199620211188
38	11359.402593245963	341.03103044952013	48.09224084126633	49.94700490123821	68.43866578780394
58	12627.348660606076	189.8232385429989	42.896211025899625	45.14004217183815	66.93665738029276
59	12841.50698080298	197.9943326267369	46.31057329635338	50.47993958671138	71.98204876904819
39	11663.716902869055	337.28171575905213	54.642131170703436	55.541919912662145	73.04734165783235
60	13057.262965086964	199.19409907563985	40.2059885989256	43.39569841492851	66.51140463925938
40	11959.660578298033	323.4375637685321	49.05371233617967	51.77776560657429	68.19974929891168
61	13280.447366471984	211.46565769199395	45.080620803756226	46.42501263312574	71.44644817821482
41	12266.28380412201	300.81181454714493	46.7631306486696	49.71711747079525	69.93985629974202
62	13500.313082223991	202.00838384721072	35.825496141241125	39.39459225060805	66.13352741914638
63	13709.732170338044	189.3221062599753	37.97037882966429	41.011295453917306	66.42104461996313
42	12570.499047065969	297.66741613716295	43.98489325880725	47.970109840249116	67.95243133708118
64	13924.907273128047	193.80702853914636	37.1836773214305	41.00352695681014	65.12607105275526
43	12868.101912448066	296.3275001420946	56.65040767020885	59.36943363981427	76.42732977229643
65	14142.705242873984	178.7718047839769	44.293081212547634	46.963970659363945	69.84933997985513
66	14353.899876901065	183.0042669532364	44.06254040942981	47.28064934496609	69.13995120614608
44	13174.261410342995	279.22972551747	51.76621075501901	52.90809313504201	71.62191401190937
67	14559.033018624992	180.527616852124	46.225706849710846	48.21014923671507	69.89545220359761
45	13476.23708852497	275.0850596359135	49.27212433557469	53.75899697357754	70.99796821471841
68	14776.013696942013	182.7779675432197	39.85050899348216	42.48844222158756	67.06935984565612
46	13781.997069973964	279.3550316146139	41.057902804799866	44.74640753979953	65.69924649325284
69	14988.902820531046	170.69834737640144	41.6839906909409	45.30502880168411	70.08642378210384
70	15209.951592177968	172.42949784261913	35.35124962060334	38.624052054927034	65.5295016038864
47	14083.626670839963	277.9368415123582	42.82449201976081	46.06245728690669	68.47808058631611
71	15427.556492062984	173.50455279063954	35.893400919753326	39.798960732514004	67.95347762490339
48	14381.399772437057	263.3938144708152	43.48052555968481	47.355301813089625	66.96281837014591
72	15647.47452811501	162.04022315075557	44.3130670347217	47.23357098273511	70.03646699630004
73	15864.292392111965	169.0402744501799	35.101265547380315	38.22238110812205	67.18261012929008
49	14690.726847724989	247.14893462633134	42.28212226808811	46.81060741496536	69.90688479010434
74	16078.33820171305	158.49939089739576	34.33306723271229	36.75658203125	61.22552041446461
50	14987.781103317044	244.026425223109	46.780630999145714	49.65591058695092	71.68733868114451
75	16298.211643818999	160.67059882060667	40.254394483902196	41.93912484798791	67.97766407033339
51	15292.808679147973	254.1996458732454	43.27253841258103	46.47320188126474	68.24435881752382
76	16516.547957184026	160.46850489194424	44.91745249387683	46.70044750285599	70.16322000268946
77	16724.73968518898	159.6349620697523	32.89133299808701	36.1301960495283	65.03445850719105
52	15595.189496485982	258.6698507048547	38.63436576129206	43.456965262934844	66.95660677823153
78	16940.227826735005	162.36195437518674	39.6554889877304	41.35087766251474	68.21044673001703
53	15895.988308736007	251.0664273696792	42.442648315941554	45.22557624097141	68.01774246297418
79	17163.371220029076	154.4623995182379	42.98273112269225	44.37357107486365	66.37096229594022
54	16193.348555498058	242.51982518515703	42.97632803752174	46.821024020213	71.06758627662046
80	17391.33103782602	160.0773424662347	36.05770876710745	37.313680454470074	65.32824299042238
81	17615.02781835303	146.25373471786975	33.83308205129476	37.713201581846995	65.1999744272487
55	16485.139493364957	238.0873907448181	48.21124707272852	50.34640490262014	71.90204963072098
82	17838.14664580603	143.77271408700415	46.72167681080109	47.65936395609154	72.12800430869036
56	16783.153569328017	231.9636150924442	47.64736481250352	50.211175398916566	71.22367842567158
83	18067.27065048099	141.28795891230396	37.725305320511964	39.61821344915426	68.10280931442179
57	17085.245426216978	223.11598931907287	39.4966955175339	44.08232540490492	68.1512220250094
84	18291.861067046993	139.85698891645788	35.4506371148438	37.76039712006191	64.76799839448164
85	18502.676252715988	137.99438274374586	31.87397052825037	33.65279370002027	62.34026516185087
58	17387.82792313199	228.3766737985595	49.2680405031631	51.6662925403523	72.01618798403817
86	18718.952196036	136.58025675674125	35.07895504664511	37.22677520751953	65.56459763470818
59	17686.20345007896	232.60631711000727	40.84580474618056	43.871474828180276	68.15626362683301
87	18931.525577757042	144.24945304842453	39.98541170828537	42.288657779333725	68.30558895172283
88	19139.18211891502	137.3208101330808	38.835484766712206	41.84982116123415	68.81305666020847
60	17995.11451948702	221.74250759161868	38.04958315225145	42.23048047335643	68.13983847878195
89	19349.294528745	139.07313817589525	33.6909363576127	34.968075526975234	63.43005615887157
61	18294.238841952058	235.16204866743936	41.88755091705885	44.807418846274324	71.955454046076
90	19567.619980341988	134.05330183713158	33.800919041702386	36.4913545946805	65.14068917667164
91	19790.757302526967	140.04240200960248	43.24485535863181	44.594629516601564	69.43960689605876
62	18603.581657728995	214.68678267823495	34.47097834113939	38.369776024008694	67.40131855520973
92	20012.645755251986	134.9288202315839	36.62555569428319	38.78644523188753	66.12387884619402
63	18905.173824458034	202.19357408320732	37.845247096561096	40.20757045529923	66.8646735125047
93	20239.096454165992	140.70066074395652	38.790177654956096	40.30547738705041	69.48889041839436
64	19201.46165080997	210.4647582373096	42.793256547858114	45.13635128381117	71.22903515820835
94	20472.204694039072	131.1189508140587	34.351013219424516	35.46147587038436	63.23130108838413
95	20695.599445826025	132.39205414606636	34.37522122764779	35.88707129424473	65.10550322507154
65	19506.398542308016	205.32212546526765	38.06244714321686	40.93097187546064	65.74217864663844
96	20914.899452259066	134.4986641930878	37.297702423480885	38.88768817973587	67.80758491556912
66	19808.828963874024	214.02975763821914	43.82705583415628	45.77529863465507	71.20099407338842
97	21133.857507038978	136.94704184648936	33.58530409773577	34.57821529460403	64.04943880295372
67	20105.60834248399	188.75094013796362	48.06988970971835	49.21286022258255	71.77922674168877
98	21355.264537155046	122.67017277740304	27.525485407942217	29.375570796750626	63.452509548574845
99	21571.418882366037	128.46397103530694	28.56886793806504	30.42778767999613	63.55209562740224
68	20409.42151153006	210.15258873008875	50.797204916927484	52.39248909428434	71.20961618678454
100	21786.369342735037	134.2710158109105	26.526067901081543	28.17015112535009	60.6125652700822
69	20706.868295300053	185.2949900251233	35.46172284136199	39.732086481058374	70.3082074660031
101	22005.88489857607	128.27520476568068	30.689959613399513	31.891894041817142	60.74283277542196
70	21015.271221311996	190.39894850819513	38.464618920880014	41.68842926601194	69.04830879578616
102	22229.323952417006	124.33193844830738	30.669000314330543	32.26154560880841	64.15354315609855
103	22440.292124981992	124.63271775832715	31.506619551964793	32.46163822389998	59.61210326332459
71	21316.923986435053	204.05003206956232	38.9240169825869	42.612412454857015	68.2216398677724
104	22655.08376960503	121.22189058228972	35.49253013940995	37.88700977829267	66.46413352272727
72	21617.372738076025	190.9035204119908	48.64017344784793	51.660020510115714	76.51965087237842
105	22877.062810505042	127.09965578608367	31.027507232044094	32.724835619656545	63.62972724628958
106	23090.57808549702	128.14487055202972	29.233672207611914	30.831376740077758	62.53791564288624
73	21926.236004831968	191.2914309855157	37.271643014451634	40.87592797621241	66.10376380471622
107	23303.578051532037	124.80407960028586	31.029627735684358	31.728113489690816	63.9286942915483
74	22223.636293699034	181.8149672658281	32.977976508845984	36.67897998737839	66.39767582531282
108	23524.48541327601	120.7435379258661	31.362747265164064	33.34018605790048	63.85905481022309
75	22527.104448031052	181.9250731828108	42.967444472647244	44.93805957722214	71.27009088852826
109	23741.681794628035	118.68393283192641	30.238267036061764	31.939608168691958	64.382512587277
110	23947.785253084963	117.11303561983873	30.558350131800413	32.37242314176739	64.52170258792326
76	22824.670093880966	189.046185851457	35.772305785150024	39.110109506283166	67.990112100693
111	24164.724080617074	119.43424742608133	25.750626879784534	27.885131545156803	61.545061856030145
77	23120.09541940398	183.67946444834212	34.811888176816616	38.218197274837856	64.70666765019217
112	24381.713093062048	115.57988116326088	36.63341173570615	37.797508605381225	64.26852096720813
113	24600.548773381044	116.47795705913657	34.375584378093734	35.4175763947109	64.73162264492423
78	23426.09138921299	187.1176084501157	33.3948989837452	35.960454527656985	66.35491906640364
114	24819.475965316058	125.81460287202249	31.861986990144533	32.99380560533056	62.642804885293074
79	23723.743009265047	178.72304488076176	37.4549107837901	40.271830997107166	68.50375113257749
115	25041.63799815497	116.25253713070967	32.699839348842616	34.69232467075564	64.34196329371814
80	24020.21054747305	168.32111794498294	47.30038503591185	48.81184816756338	75.07588930181004
116	25260.682505688048	119.53412365329541	26.778941988025245	28.08024564635079	62.78365742076527
117	25473.034150068066	114.21673989895805	26.760952143011696	28.506248872864923	62.363654906736976
81	24322.02608029102	163.55466117974058	32.39865658979854	35.71360811053582	66.12298710460969
118	25689.817738080048	114.52233441393474	30.392348460645653	32.144152800362065	62.27308246796144
82	24626.047133072978	169.81750427880812	37.56831164457621	38.36323607246831	68.87125049937855
119	25916.383558238973	117.71129966717925	33.09255486404844	33.9235692322929	64.6578321201916
83	24924.95528968505	160.51621924307233	35.4585174501682	37.82305796497273	68.61409547367198
120	26141.901219427004	110.51826657740233	28.63330941454591	30.81519527651229	60.58961594933495
121	26357.375265587005	106.8744104661145	30.686771369148364	31.541955706038564	62.32115483411493
84	25220.872327786055	165.297693374772	42.861369981736956	44.36517844146153	69.6073488449668
122	26579.531402555993	116.23001500961165	32.71978939847233	33.48439422463471	64.47512552189954
85	25517.28446149698	158.14052465848977	35.0285075289097	37.35032224259287	67.72596279695072
123	26809.70923864306	105.29086342612915	27.540257400212294	28.284692404405128	61.596614939643736
86	25811.577679169015	152.81850547240268	30.997911606167676	33.49823227216613	63.267554502436184
124	27034.036286816	111.51635422781784	32.26318476648788	33.06905927190241	63.923612462008066
125	27262.610517436056	104.85478782717792	34.25046781624215	34.65082160517854	67.62398851364054
87	26101.907722498057	166.07689248295847	51.02091841648106	51.93612995651533	77.04612797211836
126	27479.793975522043	109.68160421070098	20.135946633231114	21.446617857015358	57.135874579934516
88	26397.943503594957	162.42756028864775	33.934900528870344	36.597384321104805	68.53048620376995
127	27706.681379948044	103.99481857898691	28.424528377882307	29.567313341824512	62.684605358756166
89	26694.054084316012	159.67573861138447	35.06389914931406	37.056684558796434	65.22127851190415
128	27924.62408805103	104.8027624867979	25.345827387227825	26.624225629410653	62.0724340428643
129	28131.786184023018	110.52410508353852	32.927530045558925	33.650786918784085	65.23579112986192
90	26996.906214938965	149.1432550603693	39.500737497047545	42.33047243514151	69.03482345336262
130	28347.91931323998	104.90453853818323	28.618023500311338	29.983241326673976	64.55797719700452
91	27293.576563850977	157.97893231637283	33.798645693917514	36.21124579663547	65.87071652335916
131	28576.764546799008	106.49215412107901	36.937649972884294	37.586612235015295	68.75149372937207
92	27595.823279896984	158.63786110658847	32.04371092872146	35.21466704170659	64.731560569396
132	28801.56395006401	105.87321902649069	22.096126966690786	23.508778055299004	58.82829896651487
133	29016.16002080601	103.92519632804638	27.421417341101133	28.329938661107477	64.51017671472886
93	27892.548876140965	157.4375797541739	41.69627180230653	42.63999535902491	72.95950806969627
134	29241.863602156984	102.00975270032963	29.235901866811748	30.198384539046376	64.42920305384672
94	28188.530712333973	151.16638756886059	37.92416785699895	39.80729613106206	69.34123323817941
135	29462.123679144075	98.96018430651614	22.580877465955446	23.84870703499272	61.014290631136156
95	28490.230095379055	155.91594050323272	33.51366260378843	35.577912413399176	66.49264391730813
136	29689.866114204982	101.94729087033635	31.740352555834498	32.90186912896498	66.80074548976306
137	29904.976210689987	108.07983794623435	27.136355170224665	28.33973101813838	63.447172481108474
96	28794.184045096044	150.8836082706752	30.904533869306018	33.7786411904389	64.71784905826344
138	30130.059062824002	101.79525587919453	35.12862564980764	35.24070316098771	66.9783143232213
97	29098.062922334066	156.94707536361474	27.908508189449933	30.754480648400648	66.25672916677546
139	30362.734359096037	99.87897365791451	31.98417836209745	32.77695125579834	64.39784446757108
140	30574.769059895072	100.0698559494556	29.47149423855497	30.045584546934883	64.30416115337515
98	29400.241755572963	145.54125845524257	34.22099733720567	36.26522058738853	66.88419042169092
141	30790.584560913965	99.8167428698407	28.382634295988545	29.586191278133754	63.20664908669212
99	29703.700943917967	146.10903252438786	27.483088763037692	29.87462344763414	64.54758241214854
142	31015.120117617073	100.01880503708546	30.00468503449116	31.7709965558322	64.91139584301628
100	30008.536558363005	152.29163293796913	32.0892971436156	33.445748869698	65.7045930668632
143	31235.819747800007	100.42423073999916	25.879924355397804	26.74410673825246	59.16287704712567
144	31447.211941073998	103.38235780241824	29.404558008827248	30.011633065781503	63.16864062630557
101	30302.385546518024	148.4128584940135	29.19709886540026	30.831976963259137	64.07044795235211
145	31662.885834116023	104.25603443390169	26.763553050411343	27.568215843776485	63.05438314019678
102	30593.897089816048	143.21736593416017	33.30194646214047	35.65819256188735	66.45802531522862
146	31884.673224795028	102.8910415634058	29.26166020652185	30.147723537660994	63.9006875594032
103	30893.71632812696	139.32384372469323	29.41072309469065	31.69039252515109	64.74994641064323
147	32118.60145493201	96.65456770442948	26.285057497600388	26.67963781680701	63.15399202560996
148	32338.39379774104	98.19118514344102	28.180842630657644	28.994322522001447	64.51148825660746
104	31192.096334725968	137.57722918469807	30.212335634855407	31.76907865128427	65.89033032993582
149	32559.90476742806	104.75073820086622	29.392157089546277	30.408000876948517	64.37786812195803
105	31488.42100940703	146.92721928209716	27.35182770911738	28.90713024787183	62.322179620916195
150	32781.71942496707	98.35070018134874	29.020662455141284	30.25893795481268	65.13349714636165
106	31782.50461822597	143.7501702575786	32.00435517051003	33.6289592584574	66.04174437497389
151	33001.98530677904	100.76868059170482	27.598123592884097	28.241330634782898	61.557564556917406
152	33214.93873717403	100.74962395607565	31.1636583914656	31.558853036412653	63.164185712681736
107	32078.591277592	143.79959596303115	35.65030048278225	37.13108070517486	67.10333965933897
153	33430.47344148299	100.89769699572717	26.166257883389896	26.954702639309865	60.4265268499201
108	32375.663865474984	139.68570575886866	26.746370019627992	29.310342007043225	63.369020390638056
154	33662.61189829302	95.1692576339604	36.44392605357344	36.441333818615604	67.78487286083201
109	32672.657542004017	133.8145963968906	28.239634219530803	31.536403247185472	65.55406015569514
155	33883.87966874603	95.56940502946067	33.69350642039847	34.340347729089125	66.62504897908093
156	34097.198045658064	98.67660572624014	24.91332125703747	25.631997113497754	61.171959820915674
110	32968.63086971897	135.90616021832938	28.145471111554823	30.969951102778598	65.55559851906516
157	34313.867874355055	97.43395975107157	23.638294923029584	24.39634109748984	59.907820390507496
111	33264.88666511001	134.2746627587514	34.92129468741892	36.8559863626732	66.2643716169551
158	34543.94190710597	96.48318183538059	25.184158599844558	26.447087406662277	60.844973885439295
112	33566.648272337974	133.09597664685586	29.202635869368816	31.065782188559478	65.83040604616869
159	34782.90352075698	97.6250123974462	31.160107379629885	31.65275207807433	62.9553702655323
160	35000.02883018297	93.83086916089498	31.445412057432222	32.06701662387488	64.88437109962504
113	33862.39612315199	134.85134206398826	37.44418204626514	38.5839272034843	70.42415867769782
161	35220.529846649966	97.32419038226804	32.06684267037029	32.26909759809386	65.24448170381434
114	34154.72937219206	141.98755382907666	29.100644320219565	30.856424376289798	66.69953638984558
162	35444.88094831002	93.74092312428584	23.887172941632098	24.52618859345058	59.83257320220458
115	34449.199396612006	142.05143190094066	42.732349275462944	42.91209616319188	72.22438455265474
163	35670.820544959046	88.16624809503155	28.902749163038337	29.2140830889288	62.53881374909916
164	35885.26449798606	91.95690347491715	21.662665409595522	22.56717097588305	58.26620436479701
116	34745.81453934801	134.93888621056732	25.547853543749593	27.14724203145729	63.219932658149595
165	36101.458976402995	90.85290253750233	21.902382899674343	23.83495486061528	59.847074824858474
117	35039.22990458901	135.1099135211073	36.027440166441394	36.98473861118533	69.27014729300922
166	36325.48911009205	91.54926485601027	29.7001884787405	30.356575936371424	64.28296783773656
118	35341.05819974607	129.22961673013558	28.26827048071676	30.436746109296692	65.31983539764894
167	36541.450774798985	88.57033183837808	26.600836008757163	27.551219008463733	62.73453695123846
168	36756.48802220705	88.0726992745641	27.813411078089956	28.642988099152188	63.77677795083765
119	35638.97860069806	136.9093865231754	40.89339831082543	41.63277396436008	71.91071637811508
169	36977.965702748974	88.45170622182269	30.551581524554933	31.477896182222185	63.62929777665572
120	35936.92288350896	128.56100262703012	25.703461778519817	28.96351075082455	66.0677885167739
170	37200.806101819966	88.6912599887995	23.960835537307418	24.802411125471007	59.90266773407472
171	37418.74342378997	89.63377664969777	28.350753881274674	29.132979161964272	62.54070355420444
121	36242.08827596402	124.06758997577103	33.95547794615891	35.5471759177154	69.29168921485942
172	37631.866814278066	88.90777687193042	22.705255443319622	23.958402778337586	60.346618203555835
122	36539.83551952697	130.88638745870657	31.378411741874153	33.15891305023769	67.99951628822694
173	37860.35716144007	90.2076849619121	21.246600903668128	21.99236951072261	58.12966380399816
123	36841.10017377103	120.8816746478511	28.576312871316823	31.22395908571639	65.98411674295517
174	38082.23804971506	89.32910205901209	32.018330706161606	33.050699285831094	65.1182912530746
175	38297.199572882964	94.5761960607693	26.903217644509116	27.992530789285336	61.79079739167729
124	37145.06932464696	125.26545353441261	35.091192999369184	36.46238785653744	70.54357226774654
176	38516.22296867706	88.92131698695417	21.775076024286783	22.70421893137806	60.262063419117645
125	37443.80025009799	122.03202782969713	25.90248761117878	27.757043767965065	63.60591908827185
177	38742.791634993046	90.35197446171128	29.301832415680884	29.831444895042562	63.21962587081175
126	37737.601046983036	117.98609768708494	32.0420275697449	32.69619299258826	65.1797698321827
178	38968.356955340016	92.83067706190312	23.911732510007177	24.56067857562371	62.28075900562307
179	39190.77812462603	89.94162641472163	19.688113556416873	20.686474189038545	59.382193050282524
127	38042.37466978596	118.49753255501804	25.286057486625296	27.585933331183668	64.56447005654401
180	39408.86061395006	93.25751195406602	26.20341658344288	26.647913441208175	65.5161592208128
128	38338.281524552964	120.75731851653899	31.41740442306073	32.57513997779702	68.18051355535334
181	39641.14098683407	87.09910815884227	22.891861142747477	23.40725676914431	60.5822226784446
129	38637.60763564403	124.13688591589506	30.68881935651012	32.37344148599877	68.13060944093102
182	39870.85149533604	88.3015950435522	23.849963285826227	24.914951926897157	60.49683657559481
183	40093.53181571001	87.40849349755483	28.654409936313378	29.232973531327158	62.856456083409924
130	38932.235527500976	120.8254893141999	28.52217097955836	30.51279046400538	66.25236753983931
184	40308.67698013398	86.51633982384857	33.10598439004188	33.139644154962504	66.11294359829337
131	39227.02112117701	121.82521027952423	34.307612470315235	35.09098490013267	69.56054193833295
185	40535.58043927699	85.30606915750027	24.346715684546517	25.00546936071144	62.36965505834569
132	39528.79309718101	119.29775973847552	27.067802068492142	29.041036647580704	65.98647577622357
186	40754.86855384905	82.04783068851751	30.70233509197446	31.061878598771006	62.775390971790664
187	40976.74246568896	88.22390756795807	27.975330725887083	28.956599764554007	63.66890830789658
133	39832.21390306705	118.61846662263508	28.88366323763474	30.394138160561617	63.921771860377675
188	41191.27258413099	89.48492003206997	33.28370152452335	33.99939821639151	65.36223018870635
134	40130.67587739404	119.75958779177303	25.829312193357715	27.851806879583396	63.94996206518163
189	41417.449215653	86.56223230832218	28.367836471613284	28.484337422352915	62.20105639371005
135	40439.30184732098	115.20964714185938	27.336875761966905	29.41398087123655	63.082202952175855
190	41639.41241807805	88.44880044624254	25.366225146879408	26.054197720941506	60.84350194268048
191	41856.731727745035	85.58613893546661	28.45263232884092	29.053316980757803	65.37931244386071
136	40742.19191097806	121.58365643132417	36.978426527633076	38.12078261177495	68.7144493266223
192	42073.11383812805	88.95270659386891	29.692353680964807	30.484299156260942	65.60857787106764
137	41044.02444235806	118.82034116973416	23.57561775535115	25.996767664495504	62.769831754307056
193	42293.471169291995	84.87009793869883	23.362019246974594	24.26476209118681	61.47777267700848
194	42510.484125785064	91.41370084468889	36.40492281406688	36.01741510931051	66.92236572918408
138	41349.515337913996	118.93244293734996	26.376927092666396	28.006578518849498	64.77967883431337
195	42727.14374585799	84.1283889944543	22.99231208628434	23.526242059491715	62.75717705711324
139	41648.48261423607	111.92519285246175	31.973372519876044	33.43528325782632	68.08162687169039
196	42958.16886375705	81.86112012482457	26.56860692602642	26.510478370954406	63.264307032294454
140	41945.116916005034	117.16558494938975	25.83360268133113	26.640073377501288	64.94017424557936
197	43188.58467441297	90.05628149831747	31.423074750402797	31.09116489338425	66.56803155582857
198	43411.79966977204	82.70573613660441	23.462761665582256	23.772804686348394	61.029406256854216
141	42246.369444009964	113.62378225035413	29.976296804287976	31.285800153624336	66.00089170078543
199	43631.65944797697	89.24100534054546	20.826553691757162	21.419753453236705	59.01899095015092
142	42543.83365552104	117.09489715279288	28.54138006327417	30.49825466515883	68.13995020657299
200	43866.403134552995	82.16953153715802	17.666838563236364	18.195090687589826	58.673057025766624
143	42838.306537684985	114.74046108651505	28.507887287133496	30.29609104948224	66.0451096315435
201	44094.071714269	84.77888740096785	24.463616488724497	24.72317956348635	60.153470860445566
202	44312.01720382506	81.29469145755967	28.75460986025739	29.149697262745985	63.78117517481513
144	43138.922221335	119.2627798372849	33.41022642104268	34.2393347887723	68.39357651491216
203	44532.37733613502	79.91917130739967	27.1872198746853	27.382614160933585	61.11238783566072
145	43433.588807992055	119.81769355740654	24.27622770823236	26.994646515756283	62.096122027718444
204	44757.89133036602	82.33450838464573	24.670003717355943	24.915287513013155	61.376046695811226
146	43730.044659240986	118.41354187380264	30.937900441799016	31.713752651574477	67.99165032126687
205	44985.10371273104	90.0586373432496	30.86696959757557	31.04094499048197	64.67291561677494
206	45199.52047921601	81.48859918665381	26.006638279020365	26.12471531742024	60.019971551742145
147	44025.35281255806	110.69352690944012	23.404708677552282	25.195767596262804	64.0116920675186
207	45413.272728792974	81.56838281856052	25.40024740029725	25.848182667426343	61.47263713571477
148	44319.91844409506	112.78329520495855	25.647613822274142	26.458300625783092	64.72676104785286
208	45642.65018288803	78.67180186939976	29.84049200975667	30.194372144735084	64.94035247557942
149	44615.68204335298	119.14614941361205	27.248214390884907	27.87454002524322	66.2743003355628
209	45872.56860160001	84.30895309934517	28.00278458556086	28.063490705310173	64.34294059059836
210	46094.32501442998	81.2913991294024	27.428810601344807	27.12328027797195	62.67868262306254
150	44914.77483772498	114.36784076146814	28.87061001509878	29.765620354706385	69.36602342574992
211	46309.85710583604	83.76728453535395	25.160976081116814	25.525033111572267	61.7969211027584
151	45206.89409022406	115.43038418324191	30.407380264983487	31.71749433409493	68.9583820404216
212	46535.215208804	78.63045837238546	24.5883554754262	25.427690307869103	61.46211120279077
152	45501.895455611986	116.57678800555372	27.646142665910386	28.184913004749227	67.19317663672136
213	46752.992932224064	81.19708821150489	25.095117726649107	24.85672183774552	59.819872361453456
214	46964.05990647501	79.56519263880799	25.04963825389628	25.45948104282595	64.17094859974907
153	45798.63602026296	118.4955113464376	30.3633665371485	31.3129739581414	67.49670399956524
215	47178.26901341602	83.21566984630279	20.839420962157725	21.34181761651669	61.28997908811518
154	46089.79315851303	110.90007562646926	34.16047868549484	34.50590880124074	70.77153308888808
216	47398.854343487066	82.51771805695103	26.707885048086315	26.70609133306539	60.1963961800152
155	46391.415016315994	111.24765747131737	26.27653415344658	27.290607129942696	67.17023810728348
217	47613.757536088	82.03619374784196	23.458315189314224	24.216532615805573	61.58212410829921
218	47827.06802958099	83.22869091936103	27.883519404368766	28.384822934708506	63.101196166665794
156	46688.50948121806	117.86022427113254	25.609589115959892	27.266703773354585	68.23138207420308
219	48040.823171115015	81.26488293964805	31.238174875883878	31.30621731200308	65.1147213084175
157	46987.003325558966	112.58125615367871	27.67755025667218	28.62398822856399	69.4099813043115
220	48256.22880585899	80.36204421316286	26.674959044954754	26.809982789057607	62.78150156602503
221	48466.70884018007	79.03289123862751	30.26411820523733	30.90491919283597	64.49356927718708
158	47290.30283589102	112.26726338752202	24.833220021671114	26.56316258268536	66.47202192908303
222	48676.912534211064	80.22668278133337	27.149545452251644	27.753312736907095	62.98769419461011
159	47587.229805208044	114.45591186093468	28.07354323666434	29.981080538191886	66.331470673097
223	48890.774625808	79.68571898554124	23.5628406315872	24.201337759809675	61.29460246040222
160	47880.59805376397	105.00129838935163	29.034074689429385	30.20957562860453	68.2716906338452
224	49108.57769008202	77.6686008764329	23.870995137884247	24.315531471000526	62.04396036729456
225	49321.69564288703	80.83706301612688	27.584337321194734	28.120045230793504	64.11866450182256
161	48185.30589182605	112.40321233391722	34.75091137097451	35.5641919377165	73.08104259062578
226	49535.16412555298	78.0080193407941	22.21061785740566	23.08199423664021	61.81141715636228
162	48480.96729734796	104.98244217569018	33.19692682396122	34.33640433833284	68.1348450604607
227	49752.64713471907	79.26987852181655	30.38554128085715	30.938118999049347	66.50381022978594
228	49965.23454747803	81.39356862822862	23.303565583505794	23.86323283897256	61.91971176065863
163	48782.17813194601	100.60175908807538	29.221676838953837	30.687433912169258	68.55093859096262
229	50174.62774216803	79.99842693197051	23.91766890376576	24.969112531733963	63.15113628611845
164	49079.989020476	106.24776915582544	27.675163821220718	28.788887219698925	66.83590335131966
230	50390.91531554202	79.49920546804567	24.4650606596002	25.20475168911916	62.30872026739274
165	49378.777969493065	105.43735993240392	28.786499367028984	29.484255601415093	68.09411655772816
231	50606.205793397035	78.11720325274182	26.350045958888167	27.49004577096903	63.23073451404265
232	50813.548780412995	74.27167552191713	23.63502541507342	24.755370141155314	63.239887788333995
166	49674.13123679103	111.37816762428322	30.450159806446994	31.66079988011774	69.13455632663666
233	51026.929400364985	84.75513995969428	23.96046335938712	24.30568101307131	60.87762251257259
167	49971.958458392066	102.92635473681952	30.29563613867288	31.222107929733564	68.81580507819028
234	51242.24565119506	75.22323472241514	26.41131191060112	27.251163018424556	61.247188833308094
235	51454.67300665798	80.01463799283073	22.9402063319204	23.507436194869708	60.78135338441573
168	50274.59494340001	105.1640311531955	24.503910012070822	25.981604802833413	63.16429952121673
236	51661.569562294986	75.57566388938619	25.28515209039159	25.480959534195236	60.92676866500773
169	50568.88013393502	100.70808467461895	29.55146509718871	30.72481007701946	68.11438118837734
237	51873.34961128805	82.14148180071278	27.227355182110884	27.29471653992275	61.66233074983811
170	50877.448743922054	102.4684742105683	27.022599190203625	27.54464426868367	65.27103448551607
238	52085.98962552997	75.53993982918428	24.540722265094768	24.553546853875215	61.42723887234448
239	52290.31296653603	79.80021042233544	26.72421677250144	26.87500840888833	62.8516367336008
171	51174.92698915501	102.41243888243298	28.04796129391122	28.916901193294883	66.61255305081127
240	52504.11316247401	74.23443865080242	24.623165357416806	24.809597761586026	61.17988353872044
172	51470.39733734506	103.43236412501344	24.277553606977083	25.680473431281325	64.11562378011286
241	52727.56673097506	76.12732948116391	23.147368625041345	23.560228274003514	61.59668233942858
173	51764.81531551003	103.53784849722886	29.0217310100224	29.709484661750075	67.73447026543438
242	52956.66185078106	77.1327355457448	35.62604717474902	35.88571492465037	72.11194306643888
243	53179.495460073	80.93936026188321	27.62743230475471	28.04281604946784	63.84669735342423
174	52052.68395957106	99.44849830583932	28.00154587631456	28.292460715815707	65.8971409925165
244	53413.98387091805	80.98121510748494	26.053570200556358	26.177518015087774	64.04736933988683
175	52344.81910650199	104.06461526946867	21.442163821076115	21.94605684244408	62.56902276513411
245	53638.208333380986	77.46848708149251	24.080011794647888	24.545238829558752	61.826583495114576
176	52637.51043239201	101.62078567704512	22.714213041441827	23.992712362037516	65.37335394793016
246	53864.832461702055	71.63404267012614	29.00375974462241	29.311495368525666	64.21413360432507
247	54080.09039388597	72.08925555209032	28.659437561147126	28.77606181810487	63.5871779497932
177	52932.212856295984	99.73242572936705	32.36995792484891	33.139588349540276	70.37781094229796
248	54294.866765186074	77.92703142905147	26.2992307771096	26.84813800991706	64.74606202885428
178	53234.62917174096	102.84585439738952	33.88040559478192	34.63236018342792	70.63550259595249
249	54507.442230568035	74.90377574717186	22.69888828017495	23.12012239924017	60.27377290776707
250	54719.71074754407	72.59388615692353	24.697684402195488	24.678578920724256	61.82242102801481
179	53540.59557670797	101.33028538552597	21.550551585325735	22.753919361042527	65.28109206745332
251	54927.88056257798	73.68683817241865	23.99344013945763	23.914873562219007	61.81389599560416
180	53844.49561362504	105.3399044985101	20.898295784188534	21.922603074559625	63.18779615922408
252	55157.372753654025	81.92412214973396	26.52073030886095	26.55117237918782	64.53596896411263
181	54176.65441291407	99.71891117191923	32.88148370232209	33.981876373291016	68.14693669201856
253	55402.89973518299	76.84207500366907	23.351725351886436	23.560024259315348	62.755883650346235
254	55646.18202430499	74.90502952721566	30.19047227968749	30.558257753624105	66.30435670250877
182	54512.482254464994	100.66649129381919	27.436020006872752	28.56847758742998	65.45196808595708
255	55905.018624432036	72.35158865390228	22.16190707949495	22.46965435432938	62.629632286846956
183	54843.52052953304	103.67357499597057	22.96264283411537	24.34140826819078	62.959646275974215
256	56162.869972001994	77.69031797483919	24.26800738178576	24.474880184497472	62.591392517089844
184	55180.24556435901	102.21681172429456	23.903628492947195	25.846816066526017	63.51590700200535
257	56413.064593923045	73.54636992435654	21.710346217365004	21.855274265217332	61.59864082948409
258	56658.83283587906	74.20587712812248	19.35503053875107	19.703916981984985	59.83682926198378
185	55516.874090417055	96.76677958511819	28.316420220161035	29.477263252690154	67.44696854780065
259	56920.86580269807	78.92765685768985	21.098095939228177	21.46123663596387	59.97369474523208
186	55843.74952724704	93.46999635283717	28.9630857232192	29.592155649437096	66.06054689539945
260	57174.47423187399	77.32159057330541	29.991001410287964	29.9004390012993	65.08559283088235
187	56179.52693485806	101.33994174715417	25.063622021027278	26.374205693658794	64.21570603477764
261	57427.034237225074	71.2426547741818	19.342879678130508	20.04016543820219	58.32106303658715
262	57670.97187917004	73.55589160580077	25.291721002502115	25.676608234441506	62.4644924510609
263	57909.56266640802	77.1592930099861	29.806307833373086	30.332489279261175	65.06194527773934
264	58151.16016741807	73.58287688175011	29.011118648196977	29.48647165046548	65.19262587195412
265	58391.78647657705	75.0773258817072	18.945508152236478	19.336792416482602	61.069815814176344
266	58637.250055045006	72.68168252396607	25.037525549206066	24.874245184052665	63.126608394684
267	58877.485175546026	72.4431023020266	24.345539570954454	24.413606649254852	61.968483460778224
268	59118.10233213205	73.15302476751768	25.084945186437757	24.850812963089854	62.228500529406546
269	59359.44052804797	77.34862097299008	20.859333490053707	21.02556932809218	60.7006010983717
270	59598.41963558702	71.3295209386212	21.809164416426103	21.620993851355788	60.73523583641664
271	59836.830781506025	73.45219161101772	28.926668329632392	28.834729160812667	63.87994466363428
272	60077.42221139907	75.42797850794697	26.929311497010108	26.87329471232756	64.47477838444837
273	60315.144976965035	75.42902889974722	27.91392567608329	28.701647062301635	64.51037926087405
274	60551.61421540601	73.03299002405862	24.353718856963805	24.895007394394785	62.5839185255734
275	60787.063306797994	72.5477729472327	23.36124809337758	23.835428953170776	64.37577889182351
276	61023.568029213	72.18773066313705	25.22661960686325	26.22258503144642	63.02156201530905
277	61261.21097234101	77.23351568857402	23.619005109011347	24.19956373052777	62.924265815612465
278	61503.56765909807	79.26044720045395	33.35618066660752	33.813813607917645	67.57834819038922
279	61741.907581418986	71.91416252927067	23.588563564238793	24.154830390642275	61.393246064211596
280	61979.80802641099	68.26986673861212	22.00586104572959	22.464377764575886	61.02661859032942
281	62217.30877719598	77.05771712463441	27.30094633141207	28.32382668621135	64.26148933777834
282	62456.516607358004	79.91849566961606	28.268126780056626	29.072494894783453	63.23887579198827
283	62693.40192101605	71.53489694784088	25.357051788660872	26.16391338672278	62.196630998091265
284	62935.95612384507	73.32664650728621	30.682255868902146	31.586566497694772	68.91316822888379
285	63177.13155848405	70.14328472312766	22.519474516615535	23.32522769010292	60.624760959237655
286	63406.67738382297	70.03624080643883	28.06750851523672	28.25414259496725	64.87407217178753
287	63630.83042231097	69.2152890420048	20.174058128996847	20.857555545231083	61.00612358868441
288	63855.362174332025	69.23689520323049	26.056604740744426	26.444203833634	62.803290015235945
289	64077.90744594403	71.58992031523542	22.56851315456363	22.690239419577257	59.811171138987824
290	64300.26395169005	64.64008374551685	23.263823853847526	23.21302368379989	61.254064121348335
291	64524.16040792805	71.49433903532595	23.325906222186926	23.452950329330733	62.16574263955182
292	64749.26971239201	69.3584454730628	25.61626552301779	26.166340698566078	63.38293975177296
293	64975.18338309403	68.58011777430563	28.589447934549153	29.029088707959875	63.98436863537141
294	65199.79368267907	70.74340653187555	27.336648528986192	28.064965567318897	65.50641917672387
295	65426.72767731303	68.76067510718109	25.450324905099624	26.028594498634337	64.37506072916449
296	65650.52119938005	73.38037972896541	25.58923994519094	26.044692172824213	63.39495916927562
297	65873.94075993705	72.82573956141172	26.823276085767198	27.15495884355509	62.63381672415504
298	66098.60557243705	70.88185755113194	24.158256634494997	24.646529043125657	62.43287985082616
299	66323.62146085105	69.3082848017506	24.526939453908916	25.950203526559864	64.44016873772769
300	66548.94361049298	67.74078191010514	21.72044898180184	22.368201132630404	61.997164537562405
301	66772.43910258601	70.81086991753845	21.16646756801138	21.77535211423658	62.08888897411326
302	66998.60188976408	72.37086691051792	21.008061880615085	21.550341742533558	61.75728923369219
303	67222.98163891002	72.30461796783273	25.485524434155163	26.09739229895034	64.99951173914945
304	67450.20706368703	67.46702134709197	28.82070570622303	29.337505360369413	65.89557694623815
305	67677.07253714302	68.34611380704095	26.443598105263806	26.737438064926074	64.83417278432592
306	67904.68661167205	73.63828298574484	21.574373849553577	22.06941806136437	59.94163586621616
307	68128.41980908101	68.80746510635883	22.16434911411307	22.551243819560646	61.925048379337085
308	68354.11624351598	65.54510759099624	23.484609923814414	24.05302511543598	61.91837659621621
309	68578.45149673999	71.69329760275363	21.313234420969998	21.429162593607632	60.59010212944153
310	68807.08415885107	67.60886905162137	20.010830465508004	20.385934348286323	59.927218187301555
311	69033.74833853205	69.04589633372197	24.79704791277457	24.962381961165732	63.76294483857996
312	69260.57418980298	68.43329518243635	21.086401224466268	21.3750706369472	62.347214397899606
313	69484.94416741608	71.33613833402156	27.3461205819806	27.746217268412966	66.07380005127605
314	69709.70194182405	68.17842263545177	25.071237080806416	25.53881419186322	63.87472670856007
315	69934.17325110803	63.718062323077895	24.70860753362109	24.737039119612497	62.906788545496326
316	70160.92837505403	71.76723790416699	20.390001752189804	21.318694161424098	61.22929133450921
317	70388.31541619205	64.94250287373008	26.72296657805393	26.981786008870827	63.64214355550348
318	70610.83265780204	69.08013378554085	30.93096736582363	31.11820749048917	66.99747893389534
319	70834.18062578607	71.19360177783268	25.500764641894545	25.66492455428501	62.83397439966865
320	71056.96005725197	66.06006764869728	26.620870072263394	27.212091300262596	64.45276831560594
321	71279.84125036502	64.37253806271916	21.15078341511023	21.371489122138833	61.06151211580491
322	71504.44525358302	67.1314735655735	23.14754507423487	23.23722499397566	63.86201962557706
323	71728.06996283098	67.01487999640628	23.717986002459458	23.978119580250866	63.11991066346194
324	71952.80673847499	69.82420064266478	26.046141353545472	26.253952527765957	65.35454126857819
325	72175.59367310302	70.3794248466402	25.93317655087797	26.177109098974263	63.89920963960535
326	72400.01069759403	63.5593817479576	25.856230265899857	25.988983243906272	64.85680764754188
327	72623.80541829206	66.3779990763442	23.81111477824295	23.756778087885873	63.73119717358268
328	72850.89840703097	64.17368761975666	22.09921018987724	22.361339922131233	61.29926216411081
329	73076.12286015204	71.05371204569451	24.75819291895726	24.675651377192082	62.206285568482095
330	73307.34854508797	65.5647774164967	27.35826768782346	27.635368108929327	65.20892899049157
331	73538.21437053499	70.2889755771129	24.244414943170725	23.791687565929486	62.880183418804314
332	73769.17534605507	64.41418297328393	23.08589524094669	23.222535610019037	62.018140395057394
333	74000.55199269799	68.84570496516594	23.069663937681277	23.14448494263415	60.11181324433515
334	74230.99878763	66.23855471299103	20.306721800227805	20.768987165172145	59.57101417990292
335	74459.72854727798	63.65134443496146	29.950072732843715	30.32027203051549	65.6153961426434
336	74689.233291629	64.42977406457942	27.103718390024095	27.99511181327532	66.40380267790933
337	74919.44014846499	67.06767375322845	16.805202057435785	17.420240899077	59.54486426695146
338	75151.613798004	64.34497774898986	25.268406993138715	25.82772345893788	63.0530033417564
339	75382.46201796399	70.04025265995347	25.5621373862558	26.05041860490475	62.71927257272649
340	75612.01531913097	67.66572995907266	23.799876285680025	24.650896877027908	64.58352585654845
341	75840.74896165007	62.411513957190294	21.603795873842877	22.01198554434866	62.67523903260256
342	76071.94327986497	62.67114175145797	23.709631182535787	24.023146674453088	62.08864071279923
343	76303.68265908805	65.42344840330311	19.528336868854787	20.302938984744955	61.75544102306672
344	76535.09871103603	65.96983801666741	25.921570232353606	26.545763800998905	65.1941730478868
345	76765.70444826304	67.51710622353028	24.446133076954673	25.18895644430844	63.59299409835734
346	76995.653620673	63.43328743275281	22.691859450467437	23.331519189330766	62.26290714039522
347	77220.51183935802	65.903405333797	26.63406027721023	26.617880028598712	63.69138093428178
348	77444.290057351	70.41395116868094	24.21840156712255	24.427876671125304	64.30379306568818
349	77668.55986116198	65.078068587013	23.710533466136365	24.162356558655794	64.00225460848068
350	77892.08137778798	62.470036519129614	19.61900845314984	20.329080218009228	59.898785433029744
351	78113.58661236602	64.54249679222478	24.98479891709136	25.712863533451873	64.77263792313356
352	78336.89410872606	62.12483232735548	24.138047295182954	24.41930752592267	61.71457200891831
353	78559.11068755807	68.62187451526087	25.822504779494516	26.03258273736486	63.314738248121294
354	78782.31761575397	66.91682956187528	26.84204173909862	27.17914949830973	64.77379889666716
355	79005.68023987697	63.96801960512281	28.771371469446493	28.926882864394276	66.04206601311179
356	79228.34030569601	62.56298883918627	22.266208379710932	22.720289831161498	61.95918069931275
357	79452.758064555	63.80280412471122	24.643700864802106	25.074408258402123	63.70824420133376
358	79676.86293067306	68.87344076776617	18.992120907805344	19.569434522502828	60.044723796334495
359	79898.22062643804	63.780289128817635	22.92417431651486	23.0511738260737	62.81976371397947
360	80122.73778228008	68.70923515199536	24.942563744968552	25.534016213731945	64.11329012376102
361	80345.28770113003	64.824824274646	25.463339180744	26.12375979423523	63.95542526245117
362	80568.54673033103	68.78364982976085	22.800216561948762	23.340208735555972	62.70906419805027
363	80793.74505844002	64.0113918838066	25.21290549062035	25.88327457742871	66.08694957794353
364	81025.670948621	63.58205521054733	26.193788113809198	26.92003539589216	65.00971013849431
365	81254.57673524006	63.50685901251546	22.502442686460196	22.75536673563831	62.05192145689286
366	81480.19654864806	60.19295747149754	26.493938137564392	26.88535363395259	65.4265432510784
367	81704.58658266906	63.9934880519945	25.148277357595553	25.42140324052775	65.0380631717131
368	81931.03916452499	64.78468104954015	21.57481862488148	22.187150160051743	62.139357174144074
369	82157.26156728901	64.00270359278605	17.519906607206256	18.236215113918735	61.58190212147758
370	82381.94436619198	65.71973806161762	25.462121425499575	25.978314591083887	66.4378694748496
371	82606.56532207597	63.05176237324507	21.51900701826649	21.792582766739827	62.0178719178878
372	82831.24669599102	64.5011630309424	25.298356950083104	25.543327875767115	64.06022285012638
373	83054.66534438706	61.764461805259806	24.403166912253653	24.894580416634398	63.5376306217622
374	83279.60330701503	65.14466386479606	20.93943251976328	21.185569225392253	60.78242986342486
375	83515.30069287308	62.39886107343989	25.280009129080586	26.043937362005124	64.7419713678207
376	83748.17962956801	64.12342335401226	19.47739832571132	19.951480304340148	61.15813978470583
377	83975.07256136497	63.98450791935759	29.860434741586577	30.081806448405644	65.81869164125168
378	84201.03616144904	61.32840205118665	19.577032982683228	19.733907467914076	61.95740602870676
379	84426.19191854598	64.66897530285395	22.166161468987976	21.918914640174723	61.70710440242992
380	84651.14078922907	70.48964363822438	22.149932361706835	22.480516553105048	63.35571497136896
381	84889.00195110799	64.86246472819064	26.14711752187002	26.463365351748916	63.96444400236568
382	85120.89274036104	66.91640598843539	25.78472768167688	25.704386974640613	64.86777424939814
383	85344.83362509799	63.17884322725979	23.482436831197017	23.84369802429991	63.622745575114365
384	85569.24643623608	60.78701738461837	19.68759253732073	20.150349823213972	61.15600281985686
385	85793.08840932499	63.766704076890456	36.542224917024704	36.52048152059879	71.3051457940576
386	86015.59972121299	61.8678271841659	21.42873643036258	21.71882974849557	62.51537604510465
387	86239.29698822706	64.79664800183879	23.00446558756462	23.33132220614631	64.49900617956477
388	86461.43165458704	60.47482764325019	23.49520608054456	24.02744842560786	64.70304442217005
389	86686.55579914805	62.64539066124026	26.197412388870998	26.314235559859366	66.2743314855239
390	86918.08512323501	66.22586489795479	25.148212510976204	25.697785726268336	65.58038126083619
391	87140.48858011607	65.23843157031479	27.762253359939898	28.32557706864375	66.1715793915611
392	87375.03839206498	65.5182542285836	22.259549941418957	22.83490155026598	65.15569644050802
393	87597.07127548102	58.77244083899773	21.12080720984788	21.716405520978963	62.76517829283036
394	87825.95618233201	61.37891747270883	23.33350423771697	23.82432911274568	63.56049877309544
395	88048.40453744202	63.14624707805195	22.426351986183132	22.708210422407905	63.615626085250774
396	88275.424216251	66.975226416679	22.241756202494965	22.568952755793084	62.989079439703794
397	88496.23407574801	62.21178048027318	23.52551059192437	24.309335175730148	64.36061491940748
398	88720.76146748499	60.57495362116402	25.043533783302294	25.27281439722709	64.95731227283171
399	88941.82610858604	63.597221174883146	23.373056010146623	23.856623333355166	63.174496818991265
400	89164.13392062206	62.140225233547	22.87660283189678	22.66366368136316	62.65878552931515
